START_TABLE
level a = 0.90
6.3137515148 2.91998558036 2.3533634348 2.13184678134 2.01504837267 1.94318028039 1.89457860506 1.85954803752 1.83311293265 1.81246112281 1.7958848187 1.78228755565 1.77093339599 1.76131013577 1.75305035569 1.74588367628 1.73960672608 1.73406360662 1.72913281152 1.72471824292 1.72074290281 1.71714437438 1.71387152775 1.71088207991 1.70814076125 1.70561791976 1.70328844572 1.70113093427 1.69912702653 1.69726089436
END_TABLE_*
level a = 0.95
12.7062047364 4.30265272991 3.18244630528 2.7764451052 2.57058183661 2.44691184879 2.36462425101 2.30600413503 2.26215716274 2.22813885196 2.20098516008 2.17881282966 2.16036865646 2.14478668792 2.13144954556 2.11990529922 2.10981557783 2.10092204024 2.09302405441 2.08596344727 2.07961384473 2.0738730679 2.06865761042 2.06389856163 2.05953855275 2.05552943864 2.05183051648 2.0484071418 2.04522964213 2.0422724563
END_TABLE_*
level a = 0.99
63.6567411629 9.92484320092 5.84090929976 4.60409487142 4.03214298356 3.70742802132 3.49948329735 3.35538733133 3.24983554402 3.16927266718 3.10580651322 3.05453958834 3.01227583821 2.97684273411 2.94671288334 2.92078162235 2.89823051963 2.87844047271 2.86093460645 2.84533970978 2.83135955802 2.8187560606 2.80733568377 2.79693950477 2.78743581368 2.77871453333 2.77068295712 2.76326245546 2.75638590367 2.74999565357
END_TABLE_*
level a = 0.999
636.619249432 31.599054577 12.9239786366 8.61030158138 6.86882663987 5.95881617993 5.40788252098 5.04130543339 4.78091258593 4.5868938587 4.43697933823 4.31779128361 4.22083172771 4.14045411274 4.0727651959 4.0149963326 3.96512626361 3.92164582001 3.88340584948 3.84951627298 3.81927716303 3.79213067089 3.76762680377 3.74539861893 3.72514394948 3.70661174331 3.68959171334 3.67390640062 3.6594050194 3.645958635
END_TABLE